279496 34144 1651104
57816 162184 336140
2904000 1216380 6414210
1432981 0 6514520
1809864 0 142120
540270 0 5759100
0 0 0
11587200 0 2777040
0 0 0
85425 10500 11118600
271360 10920 184960
2414720 141960 750400
641130 340704 36358
597402 2433600 9444864
244608 2402400 6027840
22464 4204200 122688
9172800 2802800 362600

16194745 9507960 4540536
1781787 3298680 5210170
1936836 5452920 4664880
8316000 991440 4768360
1314797 1412802 190740
1952748 4986360 25723980
3313656 5355720 174636
4580064 5058180 6178914
15642720 3549600 15785820
4287360 5797680 13638816
45560 2865520 1664640
2713600 11630640 8104320
13522432 13956768 114268
6044940 569664 4843520
252747 741888 4636800
61152 666624 286272
149760 0 478632

5443200 8981847 2223936
32719995 6098785 4997510
109089 9832735 1507840
880380 4440590 7152540
415800 1764070 1110780
3403004 2982882 952740
1808100 2680818 436590
6075036 7659480 216804
4258656 17696040 11576268
20335536 10084840 11757600
1774080 12499520 3231360
225120 9374640 10738224
1356800 419760 90948
4829440 388080 4055040
2389860 57330 5644800
43956 68796 119280
63700 1490580 4188030

1444352 7953400 878592
4300800 611800 9995020
15358365 524400 3939840
235773 60720 2743440
120600 110880 1292544
196560 1912680 277380
1636888 765072 2089395
5166000 4729536 74760
14035428 6306048 3236376
2701728 91392 6292800
15466464 121856 3231360
3104640 100352 10738224
221760 127232 101244
460800 4707584 2488320
2085440 294224 13171200
5098368 189144 2624160
1025640 242424 1538460

5695272 774752 1132032
55552 1796016 3712436
3809280 3881712 829440
1940004 15284241 8111040
205020 19159119 646272
2864250 15402429 286626
206388 21149604 2279340
13987952 12085488 35600
4797000 7332768 4455880
12814956 3934656 16518600
900576 1710720 4466880
9097920 1900800 7478406
5045040 985600 6378372
14636160 2956800 622080
705600 2439360 9408000
3500560 792792 3363360
1507968 2265120 2744280

235200 2165760 1234944
17085816 8933760 6586580
130816 570240 3006720
23569920 801900 571200
710424 26730 836352
389940 11880 312294
726750 297000 3581820
255528 217800 10400
12259104 5771700 10541960
11232000 10231650 3052350
11561319 4911192 9678240
350224 12501216 10802142
14826240 4717440 27832896
7796880 2116800 1290816
32565456 999600 3292800
1111320 142800 10570560
9001440 357000 1413720

434304 7112448 1080576
735000 14224896 5045040
0 3338496 2161080
310688 2761472 85680
17284608 986240 633600
143520 400660 0
5849100 661960 6049296
565250 395200 228800
1788696 2647840 4791800
0 6008560 1831410
9135360 8538480 10264800
11561319 14942340 2853396
640976 14719320 0
6462720 4490640 2187216
6713980 3160080 1293600
12793572 2889216 51267216
5278770 3064320 1373328

2373140 2369120 2633904
298584 70720 875160
562500 168640 1414040
0 101184 85680
743432 29760 217800
4051080 1413600 0
586560 1436400 2798928
261900 11251800 1532960
4522000 21941010 2764500
275184 14550354 4530330
0 1847664 769860
3654144 786240 3407040
2415798 1834560 0
97776 1921920 2511248
6343040 11771760 295680
5371184 27663636 10874864
17833464 6383916 686664

1923264 382800 628992
3400320 1052700 1312740
401940 1397220 353510
871875 2384910 52920
0 12401532 10454400
20444380 18226494 0
3789720 4244526 7230564
4301440 3344172 3602456
314280 10032516 1600500
0 9929088 4170780
74256 48477312 720720
0 8701056 2096640
2248704 9816576 0
1380456 3476704 5336402
354438 3728032 399168
13478960 16776144 2868096
3364368 13725936 374544

85680 156492 2253888
2804760 558900 1336608
4389504 0 0
616770 0 508032
1220625 0 5544000
0 0 0
12322640 3009600 6500204
1684320 1386000 969892
6121280 441000 82500
142560 0 10794960
0 0 406560
19992 0 994560
0 0 0
1194624 6638874 3857640
898128 3373854 598752
430389 3373854 1890336
8883860 3304290 561816

0 1967784 2039232
20400 555016 2970240
7323540 2448600 0
8969856 1432200 3838464
4728570 3427050 369600
455700 2336625 17519250
531805 2928570 4019863
14916880 283410 1520967
497640 338400 115500
26321504 90240 17511824
164736 59520 1068672
0 317440 923520
109956 55552 0
776736 124992 3288480
1742976 106848 308448
1496880 373968 1500576
177480 2457504 66096

6023808 131040 104576
0 786240 9085440
42000 705600 0
13679820 4374720 11378304
5125632 4895520 1629600
1504545 2804725 8175650
589372 4647830 12837627
977835 13193840 363216
7124480 6737280 53900
530816 0 18070712
7280416 0 20304768
1427712 0 369408
0 0 0
907137 793152 1379040
338256 1353024 501228
10675728 2129760 8467536
7056720 5058180 242352

4788480 0 575168
21459816 0 8386560
0 0 0
168000 10615920 23569344
23451120 1548155 967575
160176 221165 14482580
1977402 137060 8282340
627396 67760 556416
1393935 358160 2940
5958656 3151808 14331944
503360 4297920 7614288
992784 2051280 1031264
1903616 3215520 2785024
5076540 3727080 4461600
4962573 3354372 111384
331992 2715444 11290048
30692718 2715444 424116

4904432 8372160 26752
2115840 2203200 6289920
9580275 2588760 705024
15949128 1502120 35845044
38500 1524210 1050510
16080768 8535576 5099500
212064 6628692 3629340
1599696 12975312 874368
1613304 2444624 14112
2230296 7508488 30618244
6229504 5348512 12459744
331760 988312 501696
858624 5853848 506368
1730560 272272 3420560
5245758 466004 153816
17959788 1507660 6228992
206064 783200 332640

94464 138112 28160
18585216 3349216 5425056
793440 2254280 313344
2720325 27896715 21612453
20640048 5377680 15127344
261800 388080 1627500
10606464 1075536 1776060
446688 619248 1115136
1599696 1238496 17136
4724676 2830848 26004536
2046984 758784 13407768
3995008 346112 2662848
2169200 854464 482816
738816 1762332 4407260
133120 1830114 533832
11108664 6898122 6876160
3731904 5762988 6153840

3858624 18741888 140800
1842048 12139632 7615944
11079648 20907144 1370880
8926200 6149160 7551339
32775 5088960 12164256
15746016 267840 1441500
231880 198720 1614600
5249664 327888 69696
1982178 305118 181152
10969344 4678476 8310728
4188888 5593830 11525976
2908872 2034120 5908194
1997504 971520 1448448
3118225 1330560 14577860
1619712 2249856 1663092
25600 9936864 1392640
7593264 21426363 4289040

685860 196224 1600
3639384 1864128 14808780
2609568 1109600 1088640
8798544 2704650 6162587
7079400 407550 17712864
9200 257400 1185750
23365056 967824 4359420
382602 1786752 66792
3499776 2923776 966144
40304286 974592 16621456
10253952 476928 11525976
6600672 192096 4232736
43416 341504 1920768
3864736 1707520 11397236
1077205 2301440 7206732
9043392 6031360 43520
38400 6785280 6059120

51267216
