seq: 7316717653133 digits: 7 3 1 6 7 1 7 6 5 3 1 3 3 prod:              5000940
seq: 6249192251196 digits: 6 2 4 9 1 9 2 2 5 1 1 9 6 prod:              4199040
seq: 2491922511967 digits: 2 4 9 1 9 2 2 5 1 1 9 6 7 prod:              4898880
seq: 4919225119674 digits: 4 9 1 9 2 2 5 1 1 9 6 7 4 prod:              9797760
seq: 9192251196744 digits: 9 1 9 2 2 5 1 1 9 6 7 4 4 prod:              9797760
seq: 1922511967442 digits: 1 9 2 2 5 1 1 9 6 7 4 4 2 prod:              2177280
seq: 9225119674426 digits: 9 2 2 5 1 1 9 6 7 4 4 2 6 prod:             13063680
seq: 2251196744265 digits: 2 2 5 1 1 9 6 7 4 4 2 6 5 prod:              7257600
seq: 2511967442657 digits: 2 5 1 1 9 6 7 4 4 2 6 5 7 prod:             25401600
seq: 5119674426574 digits: 5 1 1 9 6 7 4 4 2 6 5 7 4 prod:             50803200
seq: 1196744265747 digits: 1 1 9 6 7 4 4 2 6 5 7 4 7 prod:             71124480
seq: 1967442657474 digits: 1 9 6 7 4 4 2 6 5 7 4 7 4 prod:            284497920
seq: 9674426574742 digits: 9 6 7 4 4 2 6 5 7 4 7 4 2 prod:            568995840
seq: 6744265747423 digits: 6 7 4 4 2 6 5 7 4 7 4 2 3 prod:            189665280
seq: 7442657474235 digits: 7 4 4 2 6 5 7 4 7 4 2 3 5 prod:            158054400
seq: 4426574742355 digits: 4 4 2 6 5 7 4 7 4 2 3 5 5 prod:            112896000
seq: 4265747423553 digits: 4 2 6 5 7 4 7 4 2 3 5 5 3 prod:             84672000
seq: 2657474235534 digits: 2 6 5 7 4 7 4 2 3 5 5 3 4 prod:             84672000
seq: 6574742355349 digits: 6 5 7 4 7 4 2 3 5 5 3 4 9 prod:            381024000
seq: 5747423553491 digits: 5 7 4 7 4 2 3 5 5 3 4 9 1 prod:             63504000
seq: 7474235534919 digits: 7 4 7 4 2 3 5 5 3 4 9 1 9 prod:            114307200
seq: 4742355349194 digits: 4 7 4 2 3 5 5 3 4 9 1 9 4 prod:             65318400
seq: 7423553491949 digits: 7 4 2 3 5 5 3 4 9 1 9 4 9 prod:            146966400
seq: 4235534919493 digits: 4 2 3 5 5 3 4 9 1 9 4 9 3 prod:             62985600
seq: 2355349194934 digits: 2 3 5 5 3 4 9 1 9 4 9 3 4 prod:             62985600
seq: 3553491949349 digits: 3 5 5 3 4 9 1 9 4 9 3 4 9 prod:            283435200
seq: 5534919493496 digits: 5 5 3 4 9 1 9 4 9 3 4 9 6 prod:            566870400
seq: 5349194934969 digits: 5 3 4 9 1 9 4 9 3 4 9 6 9 prod:           1020366720
seq: 3491949349698 digits: 3 4 9 1 9 4 9 3 4 9 6 9 8 prod:           1632586752
seq: 4919493496983 digits: 4 9 1 9 4 9 3 4 9 6 9 8 3 prod:           1632586752
seq: 9194934969835 digits: 9 1 9 4 9 3 4 9 6 9 8 3 5 prod:           2040733440
seq: 1949349698352 digits: 1 9 4 9 3 4 9 6 9 8 3 5 2 prod:            453496320
seq: 6326239578318 digits: 6 3 2 6 2 3 9 5 7 8 3 1 8 prod:             78382080
seq: 1869478851843 digits: 1 8 6 9 4 7 8 8 5 1 8 4 3 prod:            371589120
seq: 8694788518438 digits: 8 6 9 4 7 8 8 5 1 8 4 3 8 prod:           2972712960
seq: 6947885184385 digits: 6 9 4 7 8 8 5 1 8 4 3 8 5 prod:           1857945600
seq: 9478851843858 digits: 9 4 7 8 8 5 1 8 4 3 8 5 8 prod:           2477260800
seq: 4788518438586 digits: 4 7 8 8 5 1 8 4 3 8 5 8 6 prod:           1651507200
seq: 7885184385861 digits: 7 8 8 5 1 8 4 3 8 5 8 6 1 prod:            412876800
seq: 8851843858615 digits: 8 8 5 1 8 4 3 8 5 8 6 1 5 prod:            294912000
seq: 8518438586156 digits: 8 5 1 8 4 3 8 5 8 6 1 5 6 prod:            221184000
seq: 7891129494954 digits: 7 8 9 1 1 2 9 4 9 4 9 5 4 prod:            235146240
seq: 8911294949545 digits: 8 9 1 1 2 9 4 9 4 9 5 4 5 prod:            167961600
seq: 9112949495459 digits: 9 1 1 2 9 4 9 4 9 5 4 5 9 prod:            188956800
seq: 1129494954595 digits: 1 1 2 9 4 9 4 9 5 4 5 9 5 prod:            104976000
seq: 1737958331952 digits: 1 7 3 7 9 5 8 3 3 1 9 5 2 prod:             42865200
seq: 7379583319528 digits: 7 3 7 9 5 8 3 3 1 9 5 2 8 prod:            342921600
seq: 3795833195285 digits: 3 7 9 5 8 3 3 1 9 5 2 8 5 prod:            244944000
seq: 7958331952853 digits: 7 9 5 8 3 3 1 9 5 2 8 5 3 prod:            244944000
seq: 9583319528532 digits: 9 5 8 3 3 1 9 5 2 8 5 3 2 prod:             69984000
seq: 6987471585238 digits: 6 9 8 7 4 7 1 5 8 5 2 3 8 prod:            812851200
seq: 9874715852386 digits: 9 8 7 4 7 1 5 8 5 2 3 8 6 prod:            812851200
seq: 8747158523863 digits: 8 7 4 7 1 5 8 5 2 3 8 6 3 prod:            270950400
seq: 4355766896648 digits: 4 3 5 5 7 6 6 8 9 6 6 4 8 prod:           6270566400
seq: 3557668966489 digits: 3 5 5 7 6 6 8 9 6 6 4 8 9 prod:          14108774400
seq: 5576689664895 digits: 5 5 7 6 6 8 9 6 6 4 8 9 5 prod:          23514624000
seq: 4452445231617 digits: 4 4 5 2 4 4 5 2 3 1 6 1 7 prod:              3225600
seq: 4524452316173 digits: 4 5 2 4 4 5 2 3 1 6 1 7 3 prod:              2419200
seq: 5244523161731 digits: 5 2 4 4 5 2 3 1 6 1 7 3 1 prod:               604800
seq: 2445231617318 digits: 2 4 4 5 2 3 1 6 1 7 3 1 8 prod:               967680
seq: 4452316173185 digits: 4 4 5 2 3 1 6 1 7 3 1 8 5 prod:              2419200
seq: 4523161731856 digits: 4 5 2 3 1 6 1 7 3 1 8 5 6 prod:              3628800
seq: 5231617318564 digits: 5 2 3 1 6 1 7 3 1 8 5 6 4 prod:              3628800
seq: 9871112172238 digits: 9 8 7 1 1 1 2 1 7 2 2 3 8 prod:               677376
seq: 8711121722383 digits: 8 7 1 1 1 2 1 7 2 2 3 8 3 prod:               225792
seq: 7111217223831 digits: 7 1 1 1 2 1 7 2 2 3 8 3 1 prod:                28224
seq: 1112172238311 digits: 1 1 1 2 1 7 2 2 3 8 3 1 1 prod:                 4032
seq: 1121722383113 digits: 1 1 2 1 7 2 2 3 8 3 1 1 3 prod:                12096
seq: 1217223831136 digits: 1 2 1 7 2 2 3 8 3 1 1 3 6 prod:                72576
seq: 2172238311362 digits: 2 1 7 2 2 3 8 3 1 1 3 6 2 prod:               145152
seq: 1722383113622 digits: 1 7 2 2 3 8 3 1 1 3 6 2 2 prod:               145152
seq: 7223831136222 digits: 7 2 2 3 8 3 1 1 3 6 2 2 2 prod:               290304
seq: 2238311362229 digits: 2 2 3 8 3 1 1 3 6 2 2 2 9 prod:               373248
seq: 2383113622298 digits: 2 3 8 3 1 1 3 6 2 2 2 9 8 prod:              1492992
seq: 3831136222989 digits: 3 8 3 1 1 3 6 2 2 2 9 8 9 prod:              6718464
seq: 8311362229893 digits: 8 3 1 1 3 6 2 2 2 9 8 9 3 prod:              6718464
seq: 3113622298934 digits: 3 1 1 3 6 2 2 2 9 8 9 3 4 prod:              3359232
seq: 1136222989342 digits: 1 1 3 6 2 2 2 9 8 9 3 4 2 prod:              2239488
seq: 1362229893423 digits: 1 3 6 2 2 2 9 8 9 3 4 2 3 prod:              6718464
seq: 3622298934233 digits: 3 6 2 2 2 9 8 9 3 4 2 3 3 prod:             20155392
seq: 6222989342338 digits: 6 2 2 2 9 8 9 3 4 2 3 3 8 prod:             53747712
seq: 8135336276614 digits: 8 1 3 5 3 3 6 2 7 6 6 1 4 prod:             13063680
seq: 1353362766142 digits: 1 3 5 3 3 6 2 7 6 6 1 4 2 prod:              3265920
seq: 3533627661428 digits: 3 5 3 3 6 2 7 6 6 1 4 2 8 prod:             26127360
seq: 5336276614282 digits: 5 3 3 6 2 7 6 6 1 4 2 8 2 prod:             17418240
seq: 3362766142828 digits: 3 3 6 2 7 6 6 1 4 2 8 2 8 prod:             27869184
seq: 6444486645238 digits: 6 4 4 4 4 8 6 6 4 5 2 3 8 prod:            424673280
seq: 4444866452387 digits: 4 4 4 4 8 6 6 4 5 2 3 8 7 prod:            495452160
seq: 4448664523874 digits: 4 4 4 8 6 6 4 5 2 3 8 7 4 prod:            495452160
seq: 4486645238749 digits: 4 4 8 6 6 4 5 2 3 8 7 4 9 prod:           1114767360
seq: 4866452387493 digits: 4 8 6 6 4 5 2 3 8 7 4 9 3 prod:            836075520
seq: 1724271218839 digits: 1 7 2 4 2 7 1 2 1 8 8 3 9 prod:              2709504
seq: 7242712188399 digits: 7 2 4 2 7 1 2 1 8 8 3 9 9 prod:             24385536
seq: 2427121883998 digits: 2 4 2 7 1 2 1 8 8 3 9 9 8 prod:             27869184
seq: 4271218839987 digits: 4 2 7 1 2 1 8 8 3 9 9 8 7 prod:             97542144
seq: 2712188399879 digits: 2 7 1 2 1 8 8 3 9 9 8 7 9 prod:            219469824
seq: 7121883998797 digits: 7 1 2 1 8 8 3 9 9 8 7 9 7 prod:            768144384
seq: 1218839987979 digits: 1 2 1 8 8 3 9 9 8 7 9 7 9 prod:            987614208
seq: 9377665727333 digits: 9 3 7 7 6 6 5 7 2 7 3 3 3 prod:            630118440
seq: 5947522435258 digits: 5 9 4 7 5 2 2 4 3 5 2 5 8 prod:            120960000
seq: 9475224352584 digits: 9 4 7 5 2 2 4 3 5 2 5 8 4 prod:             96768000
seq: 4752243525849 digits: 4 7 5 2 2 4 3 5 2 5 8 4 9 prod:             96768000
seq: 6324415722155 digits: 6 3 2 4 4 1 5 7 2 2 1 5 5 prod:              2016000
seq: 3244157221553 digits: 3 2 4 4 1 5 7 2 2 1 5 5 3 prod:              1008000
seq: 2441572215539 digits: 2 4 4 1 5 7 2 2 1 5 5 3 9 prod:              3024000
seq: 4415722155397 digits: 4 4 1 5 7 2 2 1 5 5 3 9 7 prod:             10584000
seq: 4157221553975 digits: 4 1 5 7 2 2 1 5 5 3 9 7 5 prod:             13230000
seq: 1572215539753 digits: 1 5 7 2 2 1 5 5 3 9 7 5 3 prod:              9922500
seq: 5722155397536 digits: 5 7 2 2 1 5 5 3 9 7 5 3 6 prod:             59535000
seq: 7221553975369 digits: 7 2 2 1 5 5 3 9 7 5 3 6 9 prod:            107163000
seq: 2215539753697 digits: 2 2 1 5 5 3 9 7 5 3 6 9 7 prod:            107163000
seq: 2155397536978 digits: 2 1 5 5 3 9 7 5 3 6 9 7 8 prod:            428652000
seq: 1553975369781 digits: 1 5 5 3 9 7 5 3 6 9 7 8 1 prod:            214326000
seq: 5539753697817 digits: 5 5 3 9 7 5 3 6 9 7 8 1 7 prod:           1500282000
seq: 5397536978179 digits: 5 3 9 7 5 3 6 9 7 8 1 7 9 prod:           2700507600
seq: 3975369781797 digits: 3 9 7 5 3 6 9 7 8 1 7 9 7 prod:           3780710640
seq: 9753697817977 digits: 9 7 5 3 6 9 7 8 1 7 9 7 7 prod:           8821658160
seq: 7536978179778 digits: 7 5 3 6 9 7 8 1 7 9 7 7 8 prod:           7841473920
seq: 5369781797784 digits: 5 3 6 9 7 8 1 7 9 7 7 8 4 prod:           4480842240
seq: 3697817977846 digits: 3 6 9 7 8 1 7 9 7 7 8 4 6 prod:           5377010688
seq: 6978179778461 digits: 6 9 7 8 1 7 9 7 7 8 4 6 1 prod:           1792336896
seq: 9781797784617 digits: 9 7 8 1 7 9 7 7 8 4 6 1 7 prod:           2091059712
seq: 7817977846174 digits: 7 8 1 7 9 7 7 8 4 6 1 7 4 prod:            929359872
seq: 8625693219784 digits: 8 6 2 5 6 9 3 2 1 9 7 8 4 prod:            313528320
seq: 6256932197846 digits: 6 2 5 6 9 3 2 1 9 7 8 4 6 prod:            235146240
seq: 2569321978468 digits: 2 5 6 9 3 2 1 9 7 8 4 6 8 prod:            313528320
seq: 5693219784686 digits: 5 6 9 3 2 1 9 7 8 4 6 8 6 prod:            940584960
seq: 6932197846862 digits: 6 9 3 2 1 9 7 8 4 6 8 6 2 prod:            376233984
seq: 9321978468622 digits: 9 3 2 1 9 7 8 4 6 8 6 2 2 prod:            125411328
seq: 3219784686224 digits: 3 2 1 9 7 8 4 6 8 6 2 2 4 prod:             55738368
seq: 2197846862248 digits: 2 1 9 7 8 4 6 8 6 2 2 4 8 prod:            148635648
seq: 1978468622482 digits: 1 9 7 8 4 6 8 6 2 2 4 8 2 prod:            148635648
seq: 9784686224828 digits: 9 7 8 4 6 8 6 2 2 4 8 2 8 prod:           1189085184
seq: 7846862248283 digits: 7 8 4 6 8 6 2 2 4 8 2 8 3 prod:            396361728
seq: 8468622482839 digits: 8 4 6 8 6 2 2 4 8 2 8 3 9 prod:            509607936
seq: 4686224828397 digits: 4 6 8 6 2 2 4 8 2 8 3 9 7 prod:            445906944
seq: 6862248283972 digits: 6 8 6 2 2 4 8 2 8 3 9 7 2 prod:            222953472
seq: 8622482839722 digits: 8 6 2 2 4 8 2 8 3 9 7 2 2 prod:             74317824
seq: 6224828397224 digits: 6 2 2 4 8 2 8 3 9 7 2 2 4 prod:             37158912
seq: 2248283972241 digits: 2 2 4 8 2 8 3 9 7 2 2 4 1 prod:              6193152
seq: 2482839722413 digits: 2 4 8 2 8 3 9 7 2 2 4 1 3 prod:              9289728
seq: 4828397224137 digits: 4 8 2 8 3 9 7 2 2 4 1 3 7 prod:             32514048
seq: 8283972241375 digits: 8 2 8 3 9 7 2 2 4 1 3 7 5 prod:             40642560
seq: 2839722413756 digits: 2 8 3 9 7 2 2 4 1 3 7 5 6 prod:             30481920
seq: 8397224137565 digits: 8 3 9 7 2 2 4 1 3 7 5 6 5 prod:             76204800
seq: 3972241375657 digits: 3 9 7 2 2 4 1 3 7 5 6 5 7 prod:             66679200
seq: 7972968652414 digits: 7 9 7 2 9 6 8 6 5 2 4 1 4 prod:            365783040
seq: 9729686524145 digits: 9 7 2 9 6 8 6 5 2 4 1 4 5 prod:            261273600
seq: 7296865241453 digits: 7 2 9 6 8 6 5 2 4 1 4 5 3 prod:             87091200
seq: 2968652414535 digits: 2 9 6 8 6 5 2 4 1 4 5 3 5 prod:             62208000
seq: 9686524145351 digits: 9 6 8 6 5 2 4 1 4 5 3 5 1 prod:             31104000
seq: 6585412275886 digits: 6 5 8 5 4 1 2 2 7 5 8 8 6 prod:            258048000
seq: 5854122758866 digits: 5 8 5 4 1 2 2 7 5 8 8 6 6 prod:            258048000
seq: 8541227588666 digits: 8 5 4 1 2 2 7 5 8 8 6 6 6 prod:            309657600
seq: 5412275886668 digits: 5 4 1 2 2 7 5 8 8 6 6 6 8 prod:            309657600
seq: 4122758866688 digits: 4 1 2 2 7 5 8 8 6 6 6 8 8 prod:            495452160
seq: 1227588666881 digits: 1 2 2 7 5 8 8 6 6 6 8 8 1 prod:            123863040
seq: 2275886668811 digits: 2 2 7 5 8 8 6 6 6 8 8 1 1 prod:            123863040
seq: 2758866688116 digits: 2 7 5 8 8 6 6 6 8 8 1 1 6 prod:            371589120
seq: 7588666881164 digits: 7 5 8 8 6 6 6 8 8 1 1 6 4 prod:            743178240
seq: 5886668811642 digits: 5 8 8 6 6 6 8 8 1 1 6 4 2 prod:            212336640
seq: 8866688116427 digits: 8 8 6 6 6 8 8 1 1 6 4 2 7 prod:            297271296
seq: 8666881164271 digits: 8 6 6 6 8 8 1 1 6 4 2 7 1 prod:             37158912
seq: 6668811642717 digits: 6 6 6 8 8 1 1 6 4 2 7 1 7 prod:             32514048
seq: 6688116427171 digits: 6 6 8 8 1 1 6 4 2 7 1 7 1 prod:              5419008
seq: 6881164271714 digits: 6 8 8 1 1 6 4 2 7 1 7 1 4 prod:              3612672
seq: 8811642717147 digits: 8 8 1 1 6 4 2 7 1 7 1 4 7 prod:              4214784
seq: 8116427171479 digits: 8 1 1 6 4 2 7 1 7 1 4 7 9 prod:              4741632
seq: 1164271714799 digits: 1 1 6 4 2 7 1 7 1 4 7 9 9 prod:              5334336
seq: 1642717147992 digits: 1 6 4 2 7 1 7 1 4 7 9 9 2 prod:             10668672
seq: 6427171479924 digits: 6 4 2 7 1 7 1 4 7 9 9 2 4 prod:             42674688
seq: 4271714799244 digits: 4 2 7 1 7 1 4 7 9 9 2 4 4 prod:             28449792
seq: 2717147992444 digits: 2 7 1 7 1 4 7 9 9 2 4 4 4 prod:             28449792
seq: 7171479924442 digits: 7 1 7 1 4 7 9 9 2 4 4 4 2 prod:             28449792
seq: 1714799244429 digits: 1 7 1 4 7 9 9 2 4 4 4 2 9 prod:             36578304
seq: 7147992444292 digits: 7 1 4 7 9 9 2 4 4 4 2 9 2 prod:             73156608
seq: 1479924442928 digits: 1 4 7 9 9 2 4 4 4 2 9 2 8 prod:             83607552
seq: 4799244429282 digits: 4 7 9 9 2 4 4 4 2 9 2 8 2 prod:            167215104
seq: 7992444292823 digits: 7 9 9 2 4 4 4 2 9 2 8 2 3 prod:            125411328
seq: 8634656748139 digits: 8 6 3 4 6 5 6 7 4 8 1 3 9 prod:            627056640
seq: 6346567481391 digits: 6 3 4 6 5 6 7 4 8 1 3 9 1 prod:             78382080
seq: 3465674813919 digits: 3 4 6 5 6 7 4 8 1 3 9 1 9 prod:            117573120
seq: 4656748139191 digits: 4 6 5 6 7 4 8 1 3 9 1 9 1 prod:             39191040
seq: 6567481391912 digits: 6 5 6 7 4 8 1 3 9 1 9 1 2 prod:             19595520
seq: 5674813919123 digits: 5 6 7 4 8 1 3 9 1 9 1 2 3 prod:              9797760
seq: 6748139191231 digits: 6 7 4 8 1 3 9 1 9 1 2 3 1 prod:              1959552
seq: 7481391912316 digits: 7 4 8 1 3 9 1 9 1 2 3 1 6 prod:              1959552
seq: 4813919123162 digits: 4 8 1 3 9 1 9 1 2 3 1 6 2 prod:               559872
seq: 8139191231628 digits: 8 1 3 9 1 9 1 2 3 1 6 2 8 prod:              1119744
seq: 1391912316282 digits: 1 3 9 1 9 1 2 3 1 6 2 8 2 prod:               279936
seq: 3919123162824 digits: 3 9 1 9 1 2 3 1 6 2 8 2 4 prod:              1119744
seq: 9191231628245 digits: 9 1 9 1 2 3 1 6 2 8 2 4 5 prod:              1866240
seq: 1912316282458 digits: 1 9 1 2 3 1 6 2 8 2 4 5 8 prod:              1658880
seq: 9123162824586 digits: 9 1 2 3 1 6 2 8 2 4 5 8 6 prod:              9953280
seq: 1231628245861 digits: 1 2 3 1 6 2 8 2 4 5 8 6 1 prod:              1105920
seq: 2316282458617 digits: 2 3 1 6 2 8 2 4 5 8 6 1 7 prod:              7741440
seq: 3162824586178 digits: 3 1 6 2 8 2 4 5 8 6 1 7 8 prod:             30965760
seq: 1628245861786 digits: 1 6 2 8 2 4 5 8 6 1 7 8 6 prod:             61931520
seq: 6282458617866 digits: 6 2 8 2 4 5 8 6 1 7 8 6 6 prod:            371589120
seq: 2824586178664 digits: 2 8 2 4 5 8 6 1 7 8 6 6 4 prod:            247726080
seq: 8245861786645 digits: 8 2 4 5 8 6 1 7 8 6 6 4 5 prod:            619315200
seq: 2458617866458 digits: 2 4 5 8 6 1 7 8 6 6 4 5 8 prod:            619315200
seq: 4586178664583 digits: 4 5 8 6 1 7 8 6 6 4 5 8 3 prod:            928972800
seq: 5861786645835 digits: 5 8 6 1 7 8 6 6 4 5 8 3 5 prod:           1161216000
seq: 8617866458359 digits: 8 6 1 7 8 6 6 4 5 8 3 5 9 prod:           2090188800
seq: 6178664583591 digits: 6 1 7 8 6 6 4 5 8 3 5 9 1 prod:            261273600
seq: 1786645835912 digits: 1 7 8 6 6 4 5 8 3 5 9 1 2 prod:             87091200
seq: 7866458359124 digits: 7 8 6 6 4 5 8 3 5 9 1 2 4 prod:            348364800
seq: 8664583591245 digits: 8 6 6 4 5 8 3 5 9 1 2 4 5 prod:            248832000
seq: 6645835912456 digits: 6 6 4 5 8 3 5 9 1 2 4 5 6 prod:            186624000
seq: 6458359124566 digits: 6 4 5 8 3 5 9 1 2 4 5 6 6 prod:            186624000
seq: 4583591245665 digits: 4 5 8 3 5 9 1 2 4 5 6 6 5 prod:            155520000
seq: 5835912456652 digits: 5 8 3 5 9 1 2 4 5 6 6 5 2 prod:             77760000
seq: 8359124566529 digits: 8 3 5 9 1 2 4 5 6 6 5 2 9 prod:            139968000
seq: 3591245665294 digits: 3 5 9 1 2 4 5 6 6 5 2 9 4 prod:             69984000
seq: 5912456652947 digits: 5 9 1 2 4 5 6 6 5 2 9 4 7 prod:            163296000
seq: 9124566529476 digits: 9 1 2 4 5 6 6 5 2 9 4 7 6 prod:            195955200
seq: 1245665294765 digits: 1 2 4 5 6 6 5 2 9 4 7 6 5 prod:            108864000
seq: 2456652947654 digits: 2 4 5 6 6 5 2 9 4 7 6 5 4 prod:            435456000
seq: 4566529476545 digits: 4 5 6 6 5 2 9 4 7 6 5 4 5 prod:           1088640000
seq: 5665294765456 digits: 5 6 6 5 2 9 4 7 6 5 4 5 6 prod:           1632960000
seq: 6652947654568 digits: 6 6 5 2 9 4 7 6 5 4 5 6 8 prod:           2612736000
seq: 6529476545682 digits: 6 5 2 9 4 7 6 5 4 5 6 8 2 prod:            870912000
seq: 5294765456828 digits: 5 2 9 4 7 6 5 4 5 6 8 2 8 prod:           1161216000
seq: 2947654568284 digits: 2 9 4 7 6 5 4 5 6 8 2 8 4 prod:            928972800
seq: 9476545682848 digits: 9 4 7 6 5 4 5 6 8 2 8 4 8 prod:           3715891200
seq: 4765456828489 digits: 4 7 6 5 4 5 6 8 2 8 4 8 9 prod:           3715891200
seq: 7654568284891 digits: 7 6 5 4 5 6 8 2 8 4 8 9 1 prod:            928972800
seq: 6545682848912 digits: 6 5 4 5 6 8 2 8 4 8 9 1 2 prod:            265420800
seq: 5456828489128 digits: 5 4 5 6 8 2 8 4 8 9 1 2 8 prod:            353894400
seq: 4568284891288 digits: 4 5 6 8 2 8 4 8 9 1 2 8 8 prod:            566231040
seq: 5682848912883 digits: 5 6 8 2 8 4 8 9 1 2 8 8 3 prod:            424673280
seq: 6828489128831 digits: 6 8 2 8 4 8 9 1 2 8 8 3 1 prod:             84934656
seq: 8284891288314 digits: 8 2 8 4 8 9 1 2 8 8 3 1 4 prod:             56623104
seq: 2848912883142 digits: 2 8 4 8 9 1 2 8 8 3 1 4 2 prod:             14155776
seq: 8489128831426 digits: 8 4 8 9 1 2 8 8 3 1 4 2 6 prod:             42467328
seq: 9624554443629 digits: 9 6 2 4 5 5 4 4 4 3 6 2 9 prod:            223948800
seq: 6245544436298 digits: 6 2 4 5 5 4 4 4 3 6 2 9 8 prod:            199065600
seq: 2455444362981 digits: 2 4 5 5 4 4 4 3 6 2 9 8 1 prod:             33177600
seq: 4554443629812 digits: 4 5 5 4 4 4 3 6 2 9 8 1 2 prod:             33177600
seq: 5544436298123 digits: 5 5 4 4 4 3 6 2 9 8 1 2 3 prod:             24883200
seq: 9878799272442 digits: 9 8 7 8 7 9 9 2 7 2 4 4 2 prod:           2048385024
seq: 8787992724428 digits: 8 7 8 7 9 9 2 7 2 4 4 2 8 prod:           1820786688
seq: 7879927244284 digits: 7 8 7 9 9 2 7 2 4 4 2 8 4 prod:            910393344
seq: 8799272442849 digits: 8 7 9 9 2 7 2 4 4 2 8 4 9 prod:           1170505728
seq: 9791913387549 digits: 9 7 9 1 9 1 3 3 8 7 5 4 9 prod:            462944160
seq: 7919133875499 digits: 7 9 1 9 1 3 3 8 7 5 4 9 9 prod:            462944160
seq: 9191338754992 digits: 9 1 9 1 3 3 8 7 5 4 9 9 2 prod:            132269760
seq: 5593572972571 digits: 5 5 9 3 5 7 2 9 7 2 5 7 1 prod:            208372500
seq: 5935729725716 digits: 5 9 3 5 7 2 9 7 2 5 7 1 6 prod:            250047000
seq: 9357297257163 digits: 9 3 5 7 2 9 7 2 5 7 1 6 3 prod:            150028200
seq: 3572972571636 digits: 3 5 7 2 9 7 2 5 7 1 6 3 6 prod:            100018800
seq: 5729725716362 digits: 5 7 2 9 7 2 5 7 1 6 3 6 2 prod:             66679200
seq: 7297257163626 digits: 7 2 9 7 2 5 7 1 6 3 6 2 6 prod:             80015040
seq: 2972571636269 digits: 2 9 7 2 5 7 1 6 3 6 2 6 9 prod:            102876480
seq: 9725716362695 digits: 9 7 2 5 7 1 6 3 6 2 6 9 5 prod:            257191200
seq: 7257163626956 digits: 7 2 5 7 1 6 3 6 2 6 9 5 6 prod:            171460800
seq: 2571636269561 digits: 2 5 7 1 6 3 6 2 6 9 5 6 1 prod:             24494400
seq: 5716362695618 digits: 5 7 1 6 3 6 2 6 9 5 6 1 8 prod:             97977600
seq: 7163626956188 digits: 7 1 6 3 6 2 6 9 5 6 1 8 8 prod:            156764160
seq: 1636269561882 digits: 1 6 3 6 2 6 9 5 6 1 8 8 2 prod:             44789760
seq: 6362695618826 digits: 6 3 6 2 6 9 5 6 1 8 8 2 6 prod:            268738560
seq: 3626956188267 digits: 3 6 2 6 9 5 6 1 8 8 2 6 7 prod:            313528320
23514624000